0 4200274.266992 0.956186196079 1042985123.768
2 4200274.266992 0.9561860979053 1042984925.837
12 4163640.240522 0.9646964824001 1043147389.196
13 4163640.240522 0.9646963833626 1043147191.265
161 4126336.841313 0.9737111446627 1043351867.048
162 4125844.290141 0.973827869432 1043351835.062
215 4125844.290141 0.9738625557597 1043178283.07
216 4125844.290141 0.9738622979137 1043177772.43
345 4121812.996318 0.9747187327116 1043501921.26
346 4121812.996318 0.9747211847309 1043500027.526
354 4120796.627643 0.9749589858266 1043500618.458
358 4120796.627643 0.9749610763162 1043499004.338
629 4102633.930311 0.9792555903733 1043383178.737
820 4094379.697202 0.9813471823288 1043587262.257
821 4094379.697202 0.9813471288886 1043587157.231
840 4090696.94207 0.9822913544844 1043604587.979
841 4090351.690636 0.9823742125662 1043604482.953
848 4089701.032922 0.9825301936209 1043603871.684
1816 4086903.041568 0.9832299316776 1043800490.358
1817 4086903.041568 0.983232039504 1043798876.238
1897 4086903.041568 0.9830097681324 1043788700.38
1898 4086903.041568 0.9830118759589 1043787086.26
